0 0.49875 0.5288888888888889 0.9875 0.9288888888888889
0 0.83875 0.07222222222222222 0.04 0.11777777777777777
0 0.88125 0.08555555555555555 0.03 0.09555555555555556
0 0.913125 0.09 0.03875 0.1
0 0.9550000000000001 0.07777777777777778 0.0375 0.10666666666666666
0 0.828125 0.14333333333333334 0.04125 0.08222222222222222
0 0.8143750000000001 0.23666666666666666 0.051250000000000004 0.11333333333333333
0 0.8675 0.22444444444444445 0.0325 0.08888888888888889
0 0.89625 0.21666666666666667 0.0325 0.10888888888888888
0 0.940625 0.24 0.03875 0.07555555555555556
0 0.9575 0.31 0.03 0.06888888888888889
0 0.95625 0.4066666666666667 0.0475 0.1111111111111111
0 0.93625 0.4811111111111111 0.03 0.1
0 0.904375 0.5066666666666667 0.02625 0.06222222222222222
0 0.878125 0.48 0.043750000000000004 0.12444444444444444
